{
    "fl_x": 1440.561431800249,
    "fl_y": 1440.835023152325,
    "cx": 540.320049314557,
    "cy": 974.6192316342506,
    "w": 1080,
    "h": 1920,
    "camera_model": "OPENCV",
    "k1": 0.04866412680633882,
    "k2": -0.09921336257770667,
    "p1": -0.0004270127288540411,
    "p2": -0.0012703203430528712,
    "frames": [
        {
            "file_path": "images/0263.png",
            "transform_matrix": [
                [
                    -0.12463148446939361,
                    -0.8927571810049377,
                    -0.4329568209915069,
                    -1.2083962495376135
                ],
                [
                    -0.8261483813289614,
                    -0.14828948041505172,
                    0.5435890746011838,
                    1.822716330934011
                ],
                [
                    -0.5494959918930187,
                    0.4254348901563559,
                    -0.719068361931713,
                    -5.236366564406453
                ],
                [
                    0.0,
                    0.0,
                    0.0,
                    1.0
                ]
            ]
        },
        {
            "file_path": "images/0262.png",
            "transform_matrix": [
                [
                    -0.1322389949398581,
                    -0.8930348702817306,
                    -0.4301180868996201,
                    -1.2058571031072527
                ],
                [
                    -0.8155380954618096,
                    -0.14861370477535477,
                    0.5592956120009064,
                    1.8078894649666346
                ],
                [
                    -0.5633919266974111,
                    0.4247383750190659,
                    -0.7086514303367649,
                    -5.225503968783227
                ],
                [
                    0.0,
                    0.0,
                    0.0,
                    1.0
                ]
            ]
        },
        {
            "file_path": "images/0261.png",
            "transform_matrix": [
                [
                    -0.12420088294715591,
                    -0.8943002363000243,
                    -0.4298851335285598,
                    -1.2046862142290846
                ],
                [
                    -0.8304306039441436,
                    -0.143445681516165,
                    0.5383385073421063,
                    1.7998088902411438
                ],
                [
                    -0.5431014202781197,
                    0.42385188899907456,
                    -0.7248382050387552,
                    -5.214261722492548
                ],
                [
                    0.0,
                    0.0,
                    0.0,
                    1.0
                ]
            ]
        },
        {
            "file_path": "images/0260.png",
            "transform_matrix": [
                [
                    -0.11808858029147477,
                    -0.892421822380377,
                    -0.4354748880751109,
                    -1.2041296239748338
                ],
                [
                    -0.840532262672318,
                    -0.14367496331168114,
                    0.5223629201277022,
                    1.796878219953104
                ],
                [
                    -0.5287349076916495,
                    0.4277157886455369,
                    -0.7331429611826259,
                    -5.197854152411111
                ],
                [
                    0.0,
                    0.0,
                    0.0,
                    1.0
                ]
            ]
        },
        {
            "file_path": "images/0259.png",
            "transform_matrix": [
                [
                    -0.11987381902573617,
                    -0.8934424827347627,
                    -0.432886587407058,
                    -1.2052976721329796
                ],
                [
                    -0.8400445393645887,
                    -0.14110235184766523,
                    0.5238466361319826,
                    1.7949022633768925
                ],
                [
                    -0.529108154724458,
                    0.4264395107723966,
                    -0.7336170010681854,
                    -5.182478955317188
                ],
                [
                    0.0,
                    0.0,
                    0.0,
                    1.0
                ]
            ]
        },
        {
            "file_path": "images/0258.png",
            "transform_matrix": [
                [
                    -0.11806623043121586,
                    -0.8929532646932357,
                    -0.4343901844027497,
                    -1.200849239924555
                ],
                [
                    -0.8405155393124869,
                    -0.14307178051240002,
                    0.5225553499824213,
                    1.7905373568409648
                ],
                [
                    -0.5287664828693306,
                    0.42680784047941717,
                    -0.7336491490482998,
                    -5.166199591058645
                ],
                [
                    0.0,
                    0.0,
                    0.0,
                    1.0
                ]
            ]
        },
        {
            "file_path": "images/0127.png",
            "transform_matrix": [
                [
                    -0.0016270941875847495,
                    -0.9991228909429392,
                    0.04184257829446533,
                    0.8223750298589225
                ],
                [
                    0.9933424136421587,
                    0.0032049140103682836,
                    0.11515458213096284,
                    -0.47578049282947404
                ],
                [
                    -0.11518768086941956,
                    0.041751375067294226,
                    0.9924659293174326,
                    2.1778291309992475
                ],
                [
                    0.0,
                    0.0,
                    0.0,
                    1.0
                ]
            ]
        },
        {
            "file_path": "images/0126.png",
            "transform_matrix": [
                [
                    0.006144395634302165,
                    -0.99919882791766,
                    0.03954679115002099,
                    0.7953460617020324
                ],
                [
                    0.9952263998494018,
                    0.009962378686934073,
                    0.09708328411058556,
                    -0.5321839508946742
                ],
                [
                    -0.09739948380298391,
                    0.03876149247477879,
                    0.9944902650383461,
                    2.217317775712114
                ],
                [
                    0.0,
                    0.0,
                    0.0,
                    1.0
                ]
            ]
        },
        {
            "file_path": "images/0125.png",
            "transform_matrix": [
                [
                    0.010606104658886931,
                    -0.9993225745616447,
                    0.03524063727361865,
                    0.7620931668100135
                ],
                [
                    0.9969137155369715,
                    0.013308909508905079,
                    0.0773687062186902,
                    -0.5814213173593467
                ],
                [
                    -0.07778530914147577,
                    0.03431129404685575,
                    0.9963795365133687,
                    2.2461234603228473
                ],
                [
                    0.0,
                    0.0,
                    0.0,
                    1.0
                ]
            ]
        },
        {
            "file_path": "images/0124.png",
            "transform_matrix": [
                [
                    0.01575551145710459,
                    -0.999458108093479,
                    0.028900761666923163,
                    0.7351204715712736
                ],
                [
                    0.9978469026370274,
                    0.017557414830183814,
                    0.06319253185441481,
                    -0.61810510352445
                ],
                [
                    -0.06366571099434479,
                    0.027842904853554534,
                    0.9975828035270559,
                    2.258112481697978
                ],
                [
                    0.0,
                    0.0,
                    0.0,
                    1.0
                ]
            ]
        },
        {
            "file_path": "images/0123.png",
            "transform_matrix": [
                [
                    0.020697788918402103,
                    -0.9994382571925758,
                    0.026358520325615416,
                    0.7093345774611678
                ],
                [
                    0.9990304331658935,
                    0.021699590377556,
                    0.03830563125459896,
                    -0.6468373863748149
                ],
                [
                    -0.03885608243578218,
                    0.02554012210841775,
                    0.9989183685469153,
                    2.2708414350220996
                ],
                [
                    0.0,
                    0.0,
                    0.0,
                    1.0
                ]
            ]
        },
        {
            "file_path": "images/0122.png",
            "transform_matrix": [
                [
                    0.024131269898373907,
                    -0.9994708945400672,
                    0.02180854833247539,
                    0.6895332145136864
                ],
                [
                    0.9995123909347329,
                    0.024553191050485645,
                    0.019290442638061442,
                    -0.6647983813556094
                ],
                [
                    -0.01981570541327814,
                    0.021332411408849998,
                    0.9995760431515242,
                    2.2693042457097237
                ],
                [
                    0.0,
                    0.0,
                    0.0,
                    1.0
                ]
            ]
        },
        {
            "file_path": "images/0121.png",
            "transform_matrix": [
                [
                    0.02726733051935973,
                    -0.9994891506749825,
                    0.016671243785333287,
                    0.6738756111057357
                ],
                [
                    0.9994994300547919,
                    0.027527684747640488,
                    0.01559217408126803,
                    -0.6735986087827629
                ],
                [
                    -0.016043129572936774,
                    0.016237741697555784,
                    0.9997394429240398,
                    2.257723862726658
                ],
                [
                    0.0,
                    0.0,
                    0.0,
                    1.0
                ]
            ]
        },
        {
            "file_path": "images/0120.png",
            "transform_matrix": [
                [
                    0.027274077804452714,
                    -0.999306306495662,
                    0.025358045624896783,
                    0.6487026588464768
                ],
                [
                    0.9995877878707923,
                    0.027491719361047346,
                    0.008274038079998842,
                    -0.6888041845258811
                ],
                [
                    -0.008965434707392401,
                    0.0251219259725663,
                    0.9996441916081622,
                    2.2530545533114577
                ],
                [
                    0.0,
                    0.0,
                    0.0,
                    1.0
                ]
            ]
        },
        {
            "file_path": "images/0119.png",
            "transform_matrix": [
                [
                    0.02393974323847082,
                    -0.9991751581018257,
                    0.032800794592013016,
                    0.6139634082966964
                ],
                [
                    0.9997109416472884,
                    0.02399960622374789,
                    0.0014324984456422852,
                    -0.7034094596559222
                ],
                [
                    -0.002218523014939602,
                    0.032757019603382426,
                    0.9994608825873755,
                    2.2415281744060387
                ],
                [
                    0.0,
                    0.0,
                    0.0,
                    1.0
                ]
            ]
        },
        {
            "file_path": "images/0118.png",
            "transform_matrix": [
                [
                    0.020277502317216943,
                    -0.9992764558862627,
                    0.032177439474970204,
                    0.5811821690861453
                ],
                [
                    0.9997836349922942,
                    0.020416062917665703,
                    0.0039834126747038895,
                    -0.7095797498564584
                ],
                [
                    -0.004637467128760892,
                    0.03208970374328851,
                    0.9994742341913061,
                    2.2145634236809406
                ],
                [
                    0.0,
                    0.0,
                    0.0,
                    1.0
                ]
            ]
        },
        {
            "file_path": "images/0117.png",
            "transform_matrix": [
                [
                    0.02410642600124276,
                    -0.9989907349602217,
                    0.03789975843039892,
                    0.5472310814858127
                ],
                [
                    0.9996588466615443,
                    0.024469120831028812,
                    0.00913522944800736,
                    -0.7018230721201537
                ],
                [
                    -0.010053383348795368,
                    0.03766661106859096,
                    0.9992397889865324,
                    2.182291380825743
                ],
                [
                    0.0,
                    0.0,
                    0.0,
                    1.0
                ]
            ]
        },
        {
            "file_path": "images/0116.png",
            "transform_matrix": [
                [
                    0.035198762902113136,
                    -0.9988277942564947,
                    0.03322776716642365,
                    0.5318096176197922
                ],
                [
                    0.9993440260365876,
                    0.035461425827104355,
                    0.007348802847597239,
                    -0.6814282730693082
                ],
                [
                    -0.008518492539463822,
                    0.0329473018472532,
                    0.9994207875493889,
                    2.145574400812609
                ],
                [
                    0.0,
                    0.0,
                    0.0,
                    1.0
                ]
            ]
        },
        {
            "file_path": "images/0115.png",
            "transform_matrix": [
                [
                    0.04059145993022729,
                    -0.9984678090236623,
                    0.03760808057080334,
                    0.5239457000910126
                ],
                [
                    0.9991637305100075,
                    0.04074741494103147,
                    0.003389367042446346,
                    -0.6444459124783634
                ],
                [
                    -0.004916605949002681,
                    0.03743905072395252,
                    0.9992868179190755,
                    2.1094243481614727
                ],
                [
                    0.0,
                    0.0,
                    0.0,
                    1.0
                ]
            ]
        },
        {
            "file_path": "images/0114.png",
            "transform_matrix": [
                [
                    0.04267106446252765,
                    -0.9982402165078432,
                    0.04117827587465803,
                    0.5181312458473705
                ],
                [
                    0.9990835463899909,
                    0.04277291851345063,
                    0.0015952349797551894,
                    -0.5942061905916566
                ],
                [
                    -0.0033537427500828433,
                    0.04107246752042473,
                    0.9991505416209061,
                    2.0794045067980056
                ],
                [
                    0.0,
                    0.0,
                    0.0,
                    1.0
                ]
            ]
        },
        {
            "file_path": "images/0113.png",
            "transform_matrix": [
                [
                    0.04526581860156724,
                    -0.9982905463549298,
                    0.0369728376609858,
                    0.5181421961312077
                ],
                [
                    0.9989426592460304,
                    0.045531047172144706,
                    0.006362961722103858,
                    -0.5266787026748321
                ],
                [
                    -0.00803549654962496,
                    0.03664572010185547,
                    0.9992960131980001,
                    2.045868195322608
                ],
                [
                    0.0,
                    0.0,
                    0.0,
                    1.0
                ]
            ]
        },
        {
            "file_path": "images/0112.png",
            "transform_matrix": [
                [
                    0.04846722052850565,
                    -0.9983249129771399,
                    0.03159583300733144,
                    0.5258355522479683
                ],
                [
                    0.9987577914459721,
                    0.04880605574222863,
                    0.010042058994584588,
                    -0.44894888473823646
                ],
                [
                    -0.011567305658857928,
                    0.03106987370544729,
                    0.9994502790973256,
                    2.013355193341083
                ],
                [
                    0.0,
                    0.0,
                    0.0,
                    1.0
                ]
            ]
        },
        {
            "file_path": "images/0111.png",
            "transform_matrix": [
                [
                    0.05118718834935929,
                    -0.9983742030280655,
                    0.025076333004702297,
                    0.5363305515157908
                ],
                [
                    0.9986097257532243,
                    0.051483503621824724,
                    0.011316558040852045,
                    -0.3783529050203814
                ],
                [
                    -0.012589177096126178,
                    0.024462207236818734,
                    0.9996214848817252,
                    1.9831168897061668
                ],
                [
                    0.0,
                    0.0,
                    0.0,
                    1.0
                ]
            ]
        },
        {
            "file_path": "images/0110.png",
            "transform_matrix": [
                [
                    0.048151238689831954,
                    -0.9984920854784339,
                    0.026363107737192394,
                    0.5304150451633858
                ],
                [
                    0.9983272751503278,
                    0.04895537822577915,
                    0.030757480938668452,
                    -0.3229835567371594
                ],
                [
                    -0.03200171719699546,
                    0.02483799870559003,
                    0.9991791450569536,
                    1.9628485731276255
                ],
                [
                    0.0,
                    0.0,
                    0.0,
                    1.0
                ]
            ]
        },
        {
            "file_path": "images/0109.png",
            "transform_matrix": [
                [
                    0.03818761313744184,
                    -0.9989130984735827,
                    0.026726913416480414,
                    0.5062094314208123
                ],
                [
                    0.9973406338730106,
                    0.03976173298325449,
                    0.061079166791546236,
                    -0.28228843417933597
                ],
                [
                    -0.06207548814666084,
                    0.024323369176068796,
                    0.9977750284925347,
                    1.9475723467310397
                ],
                [
                    0.0,
                    0.0,
                    0.0,
                    1.0
                ]
            ]
        },
        {
            "file_path": "images/0108.png",
            "transform_matrix": [
                [
                    0.020519984505418726,
                    -0.9992465978925591,
                    0.0329418705607945,
                    0.47711379074674565
                ],
                [
                    0.9958735134312099,
                    0.02334186175075443,
                    0.08769893235488467,
                    -0.2720736607502836
                ],
                [
                    -0.08840178438286948,
                    0.031006355641310563,
                    0.995602194868899,
                    1.9474128582193757
                ],
                [
                    0.0,
                    0.0,
                    0.0,
                    1.0
                ]
            ]
        },
        {
            "file_path": "images/0107.png",
            "transform_matrix": [
                [
                    0.009852868619121219,
                    -0.9995115554001563,
                    0.029657572414715325,
                    0.4661456912600966
                ],
                [
                    0.9934002691337254,
                    0.013173466045352725,
                    0.11394018201404539,
                    -0.2581759804706649
                ],
                [
                    -0.1142752215706283,
                    0.028339202774808,
                    0.9930448445669874,
                    1.946804568114519
                ],
                [
                    0.0,
                    0.0,
                    0.0,
                    1.0
                ]
            ]
        },
        {
            "file_path": "images/0106.png",
            "transform_matrix": [
                [
                    0.00625612514920564,
                    -0.9996029432618924,
                    0.027473928009650893,
                    0.46621451256959245
                ],
                [
                    0.9922983229988904,
                    0.009604734754897008,
                    0.12349812647922173,
                    -0.2284310473638829
                ],
                [
                    -0.12371297050716733,
                    0.026489712955222386,
                    0.9919644126861823,
                    1.9496402685605618
                ],
                [
                    0.0,
                    0.0,
                    0.0,
                    1.0
                ]
            ]
        },
        {
            "file_path": "images/0105.png",
            "transform_matrix": [
                [
                    0.005423258605789725,
                    -0.9997420505191766,
                    0.022054947059710863,
                    0.4791315007315406
                ],
                [
                    0.9921607129830313,
                    0.008133171889655094,
                    0.12470353294119724,
                    -0.20054660042871242
                ],
                [
                    -0.12485074240507209,
                    0.02120575249137001,
                    0.991948893936667,
                    1.94605909551483
                ],
                [
                    0.0,
                    0.0,
                    0.0,
                    1.0
                ]
            ]
        },
        {
            "file_path": "images/0104.png",
            "transform_matrix": [
                [
                    0.0013915125395032705,
                    -0.9998269945820653,
                    0.018548439229420954,
                    0.49321007081502316
                ],
                [
                    0.9922038116680781,
                    0.0036919027648484506,
                    0.12457112813694689,
                    -0.18786701841963263
                ],
                [
                    -0.12461805569093568,
                    0.01823048981706255,
                    0.9920372923619559,
                    1.9386915961937343
                ],
                [
                    0.0,
                    0.0,
                    0.0,
                    1.0
                ]
            ]
        },
        {
            "file_path": "images/0103.png",
            "transform_matrix": [
                [
                    -0.0033514723511914634,
                    -0.9998808528465533,
                    0.015068103527927553,
                    0.5042071518901876
                ],
                [
                    0.991857362293547,
                    -0.0014054876436478253,
                    0.12734597547064733,
                    -0.19374355098324972
                ],
                [
                    -0.12730962452684544,
                    0.015372205935801698,
                    0.9917438957651824,
                    1.9300958844693799
                ],
                [
                    0.0,
                    0.0,
                    0.0,
                    1.0
                ]
            ]
        },
        {
            "file_path": "images/0102.png",
            "transform_matrix": [
                [
                    -0.007660115082402474,
                    -0.9998783778506278,
                    0.01358499700851793,
                    0.5123745469598961
                ],
                [
                    0.9921843004736878,
                    -0.0059077149731150596,
                    0.12464113605601893,
                    -0.2122960245494411
                ],
                [
                    -0.12454572064291464,
                    0.014433586200023996,
                    0.9921088826630591,
                    1.9282814059995912
                ],
                [
                    0.0,
                    0.0,
                    0.0,
                    1.0
                ]
            ]
        },
        {
            "file_path": "images/0101.png",
            "transform_matrix": [
                [
                    -0.006915453899113894,
                    -0.9999237868513177,
                    0.01022726680447573,
                    0.5179884451202014
                ],
                [
                    0.9929061302445485,
                    -0.00565217117501189,
                    0.11876644931883788,
                    -0.23891280644203525
                ],
                [
                    -0.11869959149114608,
                    0.010976039810836393,
                    0.9928695450712073,
                    1.9314684309537486
                ],
                [
                    0.0,
                    0.0,
                    0.0,
                    1.0
                ]
            ]
        },
        {
            "file_path": "images/0100.png",
            "transform_matrix": [
                [
                    -0.007408037987633642,
                    -0.9999671028989309,
                    0.003303648451746069,
                    0.5175031425426981
                ],
                [
                    0.9945930371136152,
                    -0.007025918416034716,
                    0.10361142309381766,
                    -0.27141617356042674
                ],
                [
                    -0.10358480341386299,
                    0.004053343105409598,
                    0.9946123661564747,
                    1.9354118072577016
                ],
                [
                    0.0,
                    0.0,
                    0.0,
                    1.0
                ]
            ]
        },
        {
            "file_path": "images/0099.png",
            "transform_matrix": [
                [
                    -0.006515199939019512,
                    -0.9999784993273072,
                    0.0007436752393288105,
                    0.5191333241081008
                ],
                [
                    0.995746489088961,
                    -0.006419273182722469,
                    0.09191149220208132,
                    -0.31434008285827464
                ],
                [
                    -0.09190474218865027,
                    0.0013393337569742488,
                    0.9957669027178626,
                    1.9369122202048712
                ],
                [
                    0.0,
                    0.0,
                    0.0,
                    1.0
                ]
            ]
        },
        {
            "file_path": "images/0098.png",
            "transform_matrix": [
                [
                    -0.003350052256481797,
                    -0.9999894141793638,
                    0.0031541526740992165,
                    0.5154258244046045
                ],
                [
                    0.9969520731480995,
                    -0.003093992140240576,
                    0.07795505793944714,
                    -0.3648275408625723
                ],
                [
                    -0.07794447379760336,
                    0.0034056925652230494,
                    0.9969518846276213,
                    1.9447891009894909
                ],
                [
                    0.0,
                    0.0,
                    0.0,
                    1.0
                ]
            ]
        },
        {
            "file_path": "images/0097.png",
            "transform_matrix": [
                [
                    0.0022372558171038282,
                    -0.9999702706743414,
                    0.007379190598797239,
                    0.5112941026210158
                ],
                [
                    0.9975812639166938,
                    0.0027444526911604016,
                    0.06945566832014304,
                    -0.4212299164897217
                ],
                [
                    -0.06947385528945818,
                    0.00720595218625026,
                    0.997557746541176,
                    1.949456848855051
                ],
                [
                    0.0,
                    0.0,
                    0.0,
                    1.0
                ]
            ]
        },
        {
            "file_path": "images/0096.png",
            "transform_matrix": [
                [
                    0.008381219000606569,
                    -0.9998992973729242,
                    0.011452086325052319,
                    0.5076435446770071
                ],
                [
                    0.9986757444130707,
                    0.008951206586893365,
                    0.050661952406490886,
                    -0.4844671425202036
                ],
                [
                    -0.05075936060533725,
                    0.011012311917637267,
                    0.9986501971647359,
                    1.9643639627074425
                ],
                [
                    0.0,
                    0.0,
                    0.0,
                    1.0
                ]
            ]
        },
        {
            "file_path": "images/0095.png",
            "transform_matrix": [
                [
                    0.016486005614053837,
                    -0.9997331530988359,
                    0.016181292097748472,
                    0.5097446129093727
                ],
                [
                    0.9996242336673935,
                    0.016834356266024576,
                    0.02163321321451792,
                    -0.5555895910728867
                ],
                [
                    -0.021899842094627506,
                    0.0158185664384555,
                    0.9996350183302216,
                    1.9829041535324483
                ],
                [
                    0.0,
                    0.0,
                    0.0,
                    1.0
                ]
            ]
        },
        {
            "file_path": "images/0094.png",
            "transform_matrix": [
                [
                    0.023666347954045725,
                    -0.9995236886943962,
                    0.01980655732996609,
                    0.5163939104092492
                ],
                [
                    0.9996845564710124,
                    0.023494242520639686,
                    -0.008877393859473021,
                    -0.6292954480024471
                ],
                [
                    0.008407825395004278,
                    0.020010404971628235,
                    0.9997644183331383,
                    1.9939948552871432
                ],
                [
                    0.0,
                    0.0,
                    0.0,
                    1.0
                ]
            ]
        },
        {
            "file_path": "images/0093.png",
            "transform_matrix": [
                [
                    0.02788654235799366,
                    -0.9994307231882816,
                    0.01898868880845193,
                    0.5245723716551847
                ],
                [
                    0.9989800906222077,
                    0.02718905455828756,
                    -0.036049047874694574,
                    -0.7161026537141686
                ],
                [
                    0.03551224149165164,
                    0.019974605367187228,
                    0.9991696031428617,
                    1.9989295340962188
                ],
                [
                    0.0,
                    0.0,
                    0.0,
                    1.0
                ]
            ]
        },
        {
            "file_path": "images/0092.png",
            "transform_matrix": [
                [
                    0.030933011223081272,
                    -0.9992458765336971,
                    0.023469704878332706,
                    0.5256011293849651
                ],
                [
                    0.9972336600341627,
                    0.02926590325885545,
                    -0.06832667269311185,
                    -0.8137033821560707
                ],
                [
                    0.06758828383337641,
                    0.02551832942899319,
                    0.9973869052437035,
                    2.0104211906684335
                ],
                [
                    0.0,
                    0.0,
                    0.0,
                    1.0
                ]
            ]
        },
        {
            "file_path": "images/0091.png",
            "transform_matrix": [
                [
                    0.03236855618305433,
                    -0.9992147669074021,
                    0.022850080192649693,
                    0.5265831664527576
                ],
                [
                    0.9951655046305493,
                    0.03009954265235212,
                    -0.09348601994706665,
                    -0.9183093784323249
                ],
                [
                    0.09272483466714061,
                    0.02576561907475352,
                    0.9953583464811285,
                    2.0092630593777128
                ],
                [
                    0.0,
                    0.0,
                    0.0,
                    1.0
                ]
            ]
        },
        {
            "file_path": "images/0090.png",
            "transform_matrix": [
                [
                    0.03456028235835481,
                    -0.9991175430747117,
                    0.02386885006996864,
                    0.5247675390323366
                ],
                [
                    0.9927380532066921,
                    0.031566451878553385,
                    -0.11608064796160482,
                    -1.0302749378850742
                ],
                [
                    0.11522475688278905,
                    0.027707295720636932,
                    0.9929529501266167,
                    1.9999157248384398
                ],
                [
                    0.0,
                    0.0,
                    0.0,
                    1.0
                ]
            ]
        },
        {
            "file_path": "images/0089.png",
            "transform_matrix": [
                [
                    0.0410330437327065,
                    -0.9988966058360853,
                    0.022844259042004555,
                    0.5171178444730199
                ],
                [
                    0.9903593019989685,
                    0.03763356059529381,
                    -0.13331229523579646,
                    -1.1458781357847787
                ],
                [
                    0.13230548842034337,
                    0.028094233680041176,
                    0.9908107648626884,
                    1.98325074247156
                ],
                [
                    0.0,
                    0.0,
                    0.0,
                    1.0
                ]
            ]
        },
        {
            "file_path": "images/0088.png",
            "transform_matrix": [
                [
                    0.050525845828311836,
                    -0.9984872408628418,
                    0.021687986016296505,
                    0.5020078460367303
                ],
                [
                    0.9861902598825455,
                    0.046450650584683055,
                    -0.15896889121163696,
                    -1.2593463636715316
                ],
                [
                    0.1577209885086042,
                    0.029420518254597308,
                    0.987045349965998,
                    1.9619676848201897
                ],
                [
                    0.0,
                    0.0,
                    0.0,
                    1.0
                ]
            ]
        },
        {
            "file_path": "images/0087.png",
            "transform_matrix": [
                [
                    0.061810431579500384,
                    -0.9979330907486834,
                    0.01757887757327022,
                    0.4864563894428112
                ],
                [
                    0.9822617636665362,
                    0.057696893869648117,
                    -0.178417757178204,
                    -1.3673069847611343
                ],
                [
                    0.17703473723160065,
                    0.028295137861029815,
                    0.9837977876508788,
                    1.929112476138485
